$ 1 0.000005 10.20027730826997 50 5 50 5e-11
154 208 272 304 272 0 2 0 5
154 208 336 304 336 0 2 0 5
154 208 400 304 400 0 2 0 5
154 208 464 304 464 0 2 0 5
207 208 256 176 256 4 A0
207 208 288 176 288 4 B0
207 208 320 176 320 4 A1
207 208 352 176 352 4 B1
207 208 384 176 384 4 A2
207 208 416 176 416 4 B2
207 208 448 176 448 4 A3
207 208 480 176 480 4 B3
207 304 272 336 272 4 F0
207 304 336 336 336 4 F1
207 304 464 336 464 4 F3
207 304 400 336 400 4 F2
x 160 213 346 216 4 24 Subcircuit\sDesign
. F\s\q\sA\sXOR\sB 0 3 8 12 A0 2 3 2 A1 5 2 2 A2 8 1 2 A3 11 0 2 B0 1 7 2 B1 4 6 2 B2 7 5 2 B3 10 4 2 F0 3 2 3 F1 6 3 3 F2 9 4 3 F3 12 5 3 XorGateElm\s1\s2\s3\rXorGateElm\s4\s5\s6\rXorGateElm\s7\s8\s9\rXorGateElm\s10\s11\s12 0\\s2\\s0\\s5\s0\\s2\\s0\\s5\s0\\s2\\s0\\s5\s0\\s2\\s0\\s5
410 448 256 464 272 1 F\s\q\sA\sXOR\sB 0\s2\s0\s5 0\s2\s0\s5 0\s2\s0\s5 0\s2\s0\s5
L 448 256 432 256 0 0 false 5 0
L 448 288 432 288 0 0 false 5 0
L 448 320 432 320 0 0 false 5 0
L 448 352 432 352 0 0 false 5 0
L 448 384 432 384 0 0 false 5 0
L 448 416 432 416 0 0 false 5 0
L 448 448 432 448 0 0 false 5 0
L 448 480 432 480 0 0 false 5 0
M 576 320 592 320 0 2.5
M 576 352 592 352 0 2.5
M 576 384 592 384 0 2.5
M 576 416 592 416 0 2.5
