$ 1 0.000005 10.20027730826997 50 5 50 5e-11
150 288 192 400 192 0 2 0 5
I 208 176 288 176 0 0.5 5
I 208 256 288 256 0 0.5 5
150 288 272 400 272 0 2 0 5
I 208 352 288 352 0 0.5 5
150 288 368 400 368 0 2 0 5
I 208 432 288 432 0 0.5 5
150 288 448 400 448 0 2 0 5
w 400 272 400 304 0
w 400 304 480 304 0
w 480 336 400 336 0
w 400 336 400 368 0
w 400 192 480 192 0
w 480 192 480 288 0
w 400 448 480 448 0
w 480 448 480 352 0
152 480 320 576 320 0 4 0 5
207 288 208 160 208 4 B3
207 208 176 160 176 4 A3
207 208 256 160 256 4 A2
207 288 288 160 288 4 B2
207 208 352 160 352 4 A1
207 288 384 160 384 4 B1
207 208 432 160 432 4 A0
207 288 464 160 464 4 B0
207 576 320 608 320 4 F
x 231 132 417 135 4 24 Subcircuit\sDesign
. F\s\q\sA\s<\sB 0 3 9 9 A0 13 3 2 A1 9 2 2 A2 5 1 2 A3 4 0 2 B0 15 8 2 B1 11 7 2 B2 7 6 2 B3 1 5 2 F 17 4 3 AndGateElm\s1\s2\s3\rInverterElm\s4\s2\rInverterElm\s5\s6\rAndGateElm\s7\s6\s8\rInverterElm\s9\s10\rAndGateElm\s11\s10\s12\rInverterElm\s13\s14\rAndGateElm\s15\s14\s16\rOrGateElm\s16\s12\s8\s3\s17 0\\s2\\s0\\s5\s0\\s0.5\\s5\s0\\s0.5\\s5\s0\\s2\\s0\\s5\s0\\s0.5\\s5\s0\\s2\\s0\\s5\s0\\s0.5\\s5\s0\\s2\\s0\\s5\s0\\s4\\s0\\s5
410 688 192 704 192 1 F\s\q\sA\s<\sB 0\s2\s0\s5 0\s0.5\s5 0\s0.5\s5 0\s2\s0\s5 0\s0.5\s5 0\s2\s0\s5 0\s0.5\s5 0\s2\s0\s5 0\s4\s0\s5
L 688 192 672 192 0 0 false 5 0
L 688 224 672 224 0 0 false 5 0
L 688 256 672 256 0 0 false 5 0
L 688 288 672 288 0 0 false 5 0
L 688 352 672 352 0 0 false 5 0
L 688 384 672 384 0 0 false 5 0
L 688 416 672 416 0 0 false 5 0
L 688 448 672 448 0 0 false 5 0
M 816 320 832 320 0 2.5
