$ 1 0.000005 10.20027730826997 50 5 50 5e-11
. Full-Adder 0 3 3 5 A 2 0 0 B 1 2 0 C-In 4 1 2 C-Out 8 1 3 SUM 5 1 1 XorGateElm\s1\s2\s3\rXorGateElm\s4\s3\s5\rAndGateElm\s3\s4\s6\rAndGateElm\s2\s1\s7\rOrGateElm\s7\s6\s8 0\\s2\\s0\\s5\s0\\s2\\s0\\s5\s0\\s2\\s0\\s5\s0\\s2\\s0\\s5\s0\\s2\\s0\\s5
. 4\sBit\sAdder 0 4 19 14 A0 1 9 2 A1 9 7 2 A2 16 5 2 A3 23 3 2 B0 2 17 2 B1 10 15 2 B2 17 13 2 B3 24 11 2 C-In 3 1 2 C-Out 25 1 3 S0 5 9 3 S1 12 7 3 S2 19 5 3 S3 26 3 3 CustomCompositeElm\s1\s2\s3\s4\s5\rCustomCompositeElm\s9\s10\s4\s11\s12\rCustomCompositeElm\s16\s17\s11\s18\s19\rCustomCompositeElm\s23\s24\s18\s25\s26 1\\sFull-Adder\\s0\\\\s2\\\\s0\\\\s5\\s0\\\\s2\\\\s0\\\\s5\\s0\\\\s2\\\\s0\\\\s5\\s0\\\\s2\\\\s0\\\\s5\\s0\\\\s2\\\\s0\\\\s5\s1\\sFull-Adder\\s0\\\\s2\\\\s0\\\\s5\\s0\\\\s2\\\\s0\\\\s5\\s0\\\\s2\\\\s0\\\\s5\\s0\\\\s2\\\\s0\\\\s5\\s0\\\\s2\\\\s0\\\\s5\s1\\sFull-Adder\\s0\\\\s2\\\\s0\\\\s5\\s0\\\\s2\\\\s0\\\\s5\\s0\\\\s2\\\\s0\\\\s5\\s0\\\\s2\\\\s0\\\\s5\\s0\\\\s2\\\\s0\\\\s5\s1\\sFull-Adder\\s0\\\\s2\\\\s0\\\\s5\\s0\\\\s2\\\\s0\\\\s5\\s0\\\\s2\\\\s0\\\\s5\\s0\\\\s2\\\\s0\\\\s5\\s0\\\\s2\\\\s0\\\\s5
410 176 160 288 224 4097 4\sBit\sAdder 1\sFull-Adder\s0\\s2\\s0\\s5\s0\\s2\\s0\\s5\s0\\s2\\s0\\s5\s0\\s2\\s0\\s5\s0\\s2\\s0\\s5 1\sFull-Adder\s0\\s2\\s0\\s5\s0\\s2\\s0\\s5\s0\\s2\\s0\\s5\s0\\s2\\s0\\s5\s0\\s2\\s0\\s5 1\sFull-Adder\s0\\s2\\s0\\s5\s0\\s2\\s0\\s5\s0\\s2\\s0\\s5\s0\\s2\\s0\\s5\s0\\s2\\s0\\s5 1\sFull-Adder\s0\\s2\\s0\\s5\s0\\s2\\s0\\s5\s0\\s2\\s0\\s5\s0\\s2\\s0\\s5\s0\\s2\\s0\\s5
150 304 48 304 128 0 2 0 5
150 368 48 368 128 0 2 0 5
150 432 48 432 128 0 2 0 5
150 496 48 496 128 0 2 0 5
150 624 -32 624 128 0 2 0 5
150 688 -32 688 128 0 2 0 5
150 752 -32 752 128 0 2 0 5
207 320 48 320 0 4 A3
207 384 48 384 0 4 A2
207 448 48 448 0 4 A1
207 512 48 512 0 4 A0
207 768 -32 768 -80 4 A1
207 704 -32 704 -80 4 A2
207 640 -32 640 -80 4 A3
150 832 -32 832 128 0 2 0 5
207 848 -32 848 -80 4 A0
w 816 -32 736 -32 0
w 736 -32 672 -32 0
w 672 -32 608 -32 0
w 608 -32 112 -32 0
w 480 48 416 48 0
w 416 48 352 48 0
w 352 48 288 48 0
w 288 48 48 48 0
w 32 352 -32 352 0
w 96 352 32 352 0
w 160 352 96 352 0
207 192 352 192 304 4 A0
207 128 352 128 304 4 A1
207 64 352 64 304 4 A2
207 0 352 0 304 4 A3
150 176 352 176 432 0 2 0 5
150 112 352 112 432 0 2 0 5
150 48 352 48 432 0 2 0 5
150 -16 352 -16 432 0 2 0 5
410 -144 464 -32 528 4097 4\sBit\sAdder 1\sFull-Adder\s0\\s2\\s0\\s5\s0\\s2\\s0\\s5\s0\\s2\\s0\\s5\s0\\s2\\s0\\s5\s0\\s2\\s0\\s5 1\sFull-Adder\s0\\s2\\s0\\s5\s0\\s2\\s0\\s5\s0\\s2\\s0\\s5\s0\\s2\\s0\\s5\s0\\s2\\s0\\s5 1\sFull-Adder\s0\\s2\\s0\\s5\s0\\s2\\s0\\s5\s0\\s2\\s0\\s5\s0\\s2\\s0\\s5\s0\\s2\\s0\\s5 1\sFull-Adder\s0\\s2\\s0\\s5\s0\\s2\\s0\\s5\s0\\s2\\s0\\s5\s0\\s2\\s0\\s5\s0\\s2\\s0\\s5
w 240 288 240 432 0
w 304 288 304 432 0
w 368 288 368 432 0
w 432 288 432 432 0
w -288 656 -352 656 0
w -224 656 -288 656 0
w -160 656 -224 656 0
207 -128 656 -128 608 4 A0
207 -192 656 -192 608 4 A1
207 -256 656 -256 608 4 A2
207 -320 656 -320 608 4 A3
150 -144 656 -144 736 0 2 0 5
150 -208 656 -208 736 0 2 0 5
150 -272 656 -272 736 0 2 0 5
150 -336 656 -336 736 0 2 0 5
410 -464 768 -352 832 4097 4\sBit\sAdder 1\sFull-Adder\s0\\s2\\s0\\s5\s0\\s2\\s0\\s5\s0\\s2\\s0\\s5\s0\\s2\\s0\\s5\s0\\s2\\s0\\s5 1\sFull-Adder\s0\\s2\\s0\\s5\s0\\s2\\s0\\s5\s0\\s2\\s0\\s5\s0\\s2\\s0\\s5\s0\\s2\\s0\\s5 1\sFull-Adder\s0\\s2\\s0\\s5\s0\\s2\\s0\\s5\s0\\s2\\s0\\s5\s0\\s2\\s0\\s5\s0\\s2\\s0\\s5 1\sFull-Adder\s0\\s2\\s0\\s5\s0\\s2\\s0\\s5\s0\\s2\\s0\\s5\s0\\s2\\s0\\s5\s0\\s2\\s0\\s5
w -80 592 -80 736 0
w -16 592 -16 736 0
w 48 592 48 736 0
w 112 592 112 736 0
w 48 48 48 -32 0
w -32 352 -32 -32 0
w -160 656 -160 -32 0
w 832 128 832 960 0
w 176 592 176 960 0
w 496 288 496 960 0
207 112 -32 112 -64 4 B0
207 48 -32 48 -64 4 B1
207 -32 -32 -32 -64 4 B2
207 -160 -32 -160 -64 4 B3
207 832 960 832 992 4 P0
207 496 960 496 992 4 P1
207 176 960 176 992 4 P2
207 -144 896 -144 976 4 P3
207 -304 1040 -304 1120 4 Overflow
L -80 432 -80 400 0 0 false 5 0
L -400 736 -400 704 0 0 false 5 0
L 560 128 560 96 0 0 false 5 0
L 240 128 240 96 0 0 false 5 0
152 -304 960 -304 1040 0 4 0 5
w -400 896 -336 960 0
w -336 896 -320 960 0
w -272 896 -288 960 0
w -208 896 -272 960 0
. F\s\q\sA\s*\sB 0 4 9 13 A0 34 3 2 A1 33 2 2 A2 32 1 2 A3 31 0 2 B0 35 8 2 B1 30 7 2 B2 37 6 2 B3 63 5 2 Overflow 89 1 3 P0 36 5 3 P1 11 4 3 P2 44 3 3 P3 70 2 3 CustomCompositeElm\s1\s2\s3\s4\s5\s6\s7\s8\s9\s10\s11\s12\s13\s14\rAndGateElm\s30\s31\s4\rAndGateElm\s30\s32\s1\rAndGateElm\s30\s33\s3\rAndGateElm\s30\s34\s2\rAndGateElm\s35\s31\s7\rAndGateElm\s35\s32\s6\rAndGateElm\s35\s33\s5\rAndGateElm\s35\s34\s36\rAndGateElm\s37\s34\s38\rAndGateElm\s37\s33\s39\rAndGateElm\s37\s32\s40\rAndGateElm\s37\s31\s41\rCustomCompositeElm\s40\s38\s39\s41\s12\s13\s14\s10\s42\s43\s44\s45\s46\s47\rAndGateElm\s63\s34\s64\rAndGateElm\s63\s33\s65\rAndGateElm\s63\s32\s66\rAndGateElm\s63\s31\s67\rCustomCompositeElm\s66\s64\s65\s67\s45\s46\s47\s43\s68\s69\s70\s71\s72\s73\rLogicInputElm\s42\rLogicInputElm\s68\rLogicInputElm\s8\rLogicInputElm\s9\rOrGateElm\s69\s73\s72\s71\s89 4097\\s4\\\\sBit\\\\sAdder\\s1\\\\sFull-Adder\\\\s0\\\\\\\\s2\\\\\\\\s0\\\\\\\\s5\\\\s0\\\\\\\\s2\\\\\\\\s0\\\\\\\\s5\\\\s0\\\\\\\\s2\\\\\\\\s0\\\\\\\\s5\\\\s0\\\\\\\\s2\\\\\\\\s0\\\\\\\\s5\\\\s0\\\\\\\\s2\\\\\\\\s0\\\\\\\\s5\\s1\\\\sFull-Adder\\\\s0\\\\\\\\s2\\\\\\\\s0\\\\\\\\s5\\\\s0\\\\\\\\s2\\\\\\\\s0\\\\\\\\s5\\\\s0\\\\\\\\s2\\\\\\\\s0\\\\\\\\s5\\\\s0\\\\\\\\s2\\\\\\\\s0\\\\\\\\s5\\\\s0\\\\\\\\s2\\\\\\\\s0\\\\\\\\s5\\s1\\\\sFull-Adder\\\\s0\\\\\\\\s2\\\\\\\\s0\\\\\\\\s5\\\\s0\\\\\\\\s2\\\\\\\\s0\\\\\\\\s5\\\\s0\\\\\\\\s2\\\\\\\\s0\\\\\\\\s5\\\\s0\\\\\\\\s2\\\\\\\\s0\\\\\\\\s5\\\\s0\\\\\\\\s2\\\\\\\\s0\\\\\\\\s5\\s1\\\\sFull-Adder\\\\s0\\\\\\\\s2\\\\\\\\s0\\\\\\\\s5\\\\s0\\\\\\\\s2\\\\\\\\s0\\\\\\\\s5\\\\s0\\\\\\\\s2\\\\\\\\s0\\\\\\\\s5\\\\s0\\\\\\\\s2\\\\\\\\s0\\\\\\\\s5\\\\s0\\\\\\\\s2\\\\\\\\s0\\\\\\\\s5\s0\\s2\\s0\\s5\s0\\s2\\s0\\s5\s0\\s2\\s0\\s5\s0\\s2\\s0\\s5\s0\\s2\\s0\\s5\s0\\s2\\s0\\s5\s0\\s2\\s0\\s5\s0\\s2\\s0\\s5\s0\\s2\\s0\\s5\s0\\s2\\s0\\s5\s0\\s2\\s0\\s5\s0\\s2\\s0\\s5\s4097\\s4\\\\sBit\\\\sAdder\\s1\\\\sFull-Adder\\\\s0\\\\\\\\s2\\\\\\\\s0\\\\\\\\s5\\\\s0\\\\\\\\s2\\\\\\\\s0\\\\\\\\s5\\\\s0\\\\\\\\s2\\\\\\\\s0\\\\\\\\s5\\\\s0\\\\\\\\s2\\\\\\\\s0\\\\\\\\s5\\\\s0\\\\\\\\s2\\\\\\\\s0\\\\\\\\s5\\s1\\\\sFull-Adder\\\\s0\\\\\\\\s2\\\\\\\\s0\\\\\\\\s5\\\\s0\\\\\\\\s2\\\\\\\\s0\\\\\\\\s5\\\\s0\\\\\\\\s2\\\\\\\\s0\\\\\\\\s5\\\\s0\\\\\\\\s2\\\\\\\\s0\\\\\\\\s5\\\\s0\\\\\\\\s2\\\\\\\\s0\\\\\\\\s5\\s1\\\\sFull-Adder\\\\s0\\\\\\\\s2\\\\\\\\s0\\\\\\\\s5\\\\s0\\\\\\\\s2\\\\\\\\s0\\\\\\\\s5\\\\s0\\\\\\\\s2\\\\\\\\s0\\\\\\\\s5\\\\s0\\\\\\\\s2\\\\\\\\s0\\\\\\\\s5\\\\s0\\\\\\\\s2\\\\\\\\s0\\\\\\\\s5\\s1\\\\sFull-Adder\\\\s0\\\\\\\\s2\\\\\\\\s0\\\\\\\\s5\\\\s0\\\\\\\\s2\\\\\\\\s0\\\\\\\\s5\\\\s0\\\\\\\\s2\\\\\\\\s0\\\\\\\\s5\\\\s0\\\\\\\\s2\\\\\\\\s0\\\\\\\\s5\\\\s0\\\\\\\\s2\\\\\\\\s0\\\\\\\\s5\s0\\s2\\s0\\s5\s0\\s2\\s0\\s5\s0\\s2\\s0\\s5\s0\\s2\\s0\\s5\s4097\\s4\\\\sBit\\\\sAdder\\s1\\\\sFull-Adder\\\\s0\\\\\\\\s2\\\\\\\\s0\\\\\\\\s5\\\\s0\\\\\\\\s2\\\\\\\\s0\\\\\\\\s5\\\\s0\\\\\\\\s2\\\\\\\\s0\\\\\\\\s5\\\\s0\\\\\\\\s2\\\\\\\\s0\\\\\\\\s5\\\\s0\\\\\\\\s2\\\\\\\\s0\\\\\\\\s5\\s1\\\\sFull-Adder\\\\s0\\\\\\\\s2\\\\\\\\s0\\\\\\\\s5\\\\s0\\\\\\\\s2\\\\\\\\s0\\\\\\\\s5\\\\s0\\\\\\\\s2\\\\\\\\s0\\\\\\\\s5\\\\s0\\\\\\\\s2\\\\\\\\s0\\\\\\\\s5\\\\s0\\\\\\\\s2\\\\\\\\s0\\\\\\\\s5\\s1\\\\sFull-Adder\\\\s0\\\\\\\\s2\\\\\\\\s0\\\\\\\\s5\\\\s0\\\\\\\\s2\\\\\\\\s0\\\\\\\\s5\\\\s0\\\\\\\\s2\\\\\\\\s0\\\\\\\\s5\\\\s0\\\\\\\\s2\\\\\\\\s0\\\\\\\\s5\\\\s0\\\\\\\\s2\\\\\\\\s0\\\\\\\\s5\\s1\\\\sFull-Adder\\\\s0\\\\\\\\s2\\\\\\\\s0\\\\\\\\s5\\\\s0\\\\\\\\s2\\\\\\\\s0\\\\\\\\s5\\\\s0\\\\\\\\s2\\\\\\\\s0\\\\\\\\s5\\\\s0\\\\\\\\s2\\\\\\\\s0\\\\\\\\s5\\\\s0\\\\\\\\s2\\\\\\\\s0\\\\\\\\s5\s0\\s0\\sfalse\\s5\\s0\s0\\s0\\sfalse\\s5\\s0\s0\\s0\\sfalse\\s5\\s0\s0\\s0\\sfalse\\s5\\s0\s0\\s4\\s0\\s5
410 1072 160 1088 176 1 F\s\q\sA\s*\sB 4097\s4\\sBit\\sAdder\s1\\sFull-Adder\\s0\\\\s2\\\\s0\\\\s5\\s0\\\\s2\\\\s0\\\\s5\\s0\\\\s2\\\\s0\\\\s5\\s0\\\\s2\\\\s0\\\\s5\\s0\\\\s2\\\\s0\\\\s5\s1\\sFull-Adder\\s0\\\\s2\\\\s0\\\\s5\\s0\\\\s2\\\\s0\\\\s5\\s0\\\\s2\\\\s0\\\\s5\\s0\\\\s2\\\\s0\\\\s5\\s0\\\\s2\\\\s0\\\\s5\s1\\sFull-Adder\\s0\\\\s2\\\\s0\\\\s5\\s0\\\\s2\\\\s0\\\\s5\\s0\\\\s2\\\\s0\\\\s5\\s0\\\\s2\\\\s0\\\\s5\\s0\\\\s2\\\\s0\\\\s5\s1\\sFull-Adder\\s0\\\\s2\\\\s0\\\\s5\\s0\\\\s2\\\\s0\\\\s5\\s0\\\\s2\\\\s0\\\\s5\\s0\\\\s2\\\\s0\\\\s5\\s0\\\\s2\\\\s0\\\\s5 0\s2\s0\s5 0\s2\s0\s5 0\s2\s0\s5 0\s2\s0\s5 0\s2\s0\s5 0\s2\s0\s5 0\s2\s0\s5 0\s2\s0\s5 0\s2\s0\s5 0\s2\s0\s5 0\s2\s0\s5 0\s2\s0\s5 4097\s4\\sBit\\sAdder\s1\\sFull-Adder\\s0\\\\s2\\\\s0\\\\s5\\s0\\\\s2\\\\s0\\\\s5\\s0\\\\s2\\\\s0\\\\s5\\s0\\\\s2\\\\s0\\\\s5\\s0\\\\s2\\\\s0\\\\s5\s1\\sFull-Adder\\s0\\\\s2\\\\s0\\\\s5\\s0\\\\s2\\\\s0\\\\s5\\s0\\\\s2\\\\s0\\\\s5\\s0\\\\s2\\\\s0\\\\s5\\s0\\\\s2\\\\s0\\\\s5\s1\\sFull-Adder\\s0\\\\s2\\\\s0\\\\s5\\s0\\\\s2\\\\s0\\\\s5\\s0\\\\s2\\\\s0\\\\s5\\s0\\\\s2\\\\s0\\\\s5\\s0\\\\s2\\\\s0\\\\s5\s1\\sFull-Adder\\s0\\\\s2\\\\s0\\\\s5\\s0\\\\s2\\\\s0\\\\s5\\s0\\\\s2\\\\s0\\\\s5\\s0\\\\s2\\\\s0\\\\s5\\s0\\\\s2\\\\s0\\\\s5 0\s2\s0\s5 0\s2\s0\s5 0\s2\s0\s5 0\s2\s0\s5 4097\s4\\sBit\\sAdder\s1\\sFull-Adder\\s0\\\\s2\\\\s0\\\\s5\\s0\\\\s2\\\\s0\\\\s5\\s0\\\\s2\\\\s0\\\\s5\\s0\\\\s2\\\\s0\\\\s5\\s0\\\\s2\\\\s0\\\\s5\s1\\sFull-Adder\\s0\\\\s2\\\\s0\\\\s5\\s0\\\\s2\\\\s0\\\\s5\\s0\\\\s2\\\\s0\\\\s5\\s0\\\\s2\\\\s0\\\\s5\\s0\\\\s2\\\\s0\\\\s5\s1\\sFull-Adder\\s0\\\\s2\\\\s0\\\\s5\\s0\\\\s2\\\\s0\\\\s5\\s0\\\\s2\\\\s0\\\\s5\\s0\\\\s2\\\\s0\\\\s5\\s0\\\\s2\\\\s0\\\\s5\s1\\sFull-Adder\\s0\\\\s2\\\\s0\\\\s5\\s0\\\\s2\\\\s0\\\\s5\\s0\\\\s2\\\\s0\\\\s5\\s0\\\\s2\\\\s0\\\\s5\\s0\\\\s2\\\\s0\\\\s5 0\s0\sfalse\s5\s0 0\s0\sfalse\s5\s0 0\s0\sfalse\s5\s0 0\s0\sfalse\s5\s0 0\s4\s0\s5
L 1072 224 1056 224 0 0 false 5 0
L 1072 256 1056 256 0 0 false 5 0
L 1072 192 1056 192 0 0 false 5 0
L 1072 160 1056 160 0 0 false 5 0
L 1072 416 1056 416 0 0 false 5 0
L 1072 384 1056 384 0 0 false 5 0
L 1072 352 1056 352 0 0 false 5 0
L 1072 320 1056 320 0 0 false 5 0
M 1232 192 1248 192 0 2.5
M 1232 224 1248 224 0 2.5
M 1232 256 1248 256 0 2.5
M 1232 288 1248 288 0 2.5
M 1232 320 1248 320 0 2.5
