$ 1 0.000005 10.20027730826997 50 5 50 5e-11
w -64 528 -80 528 0
w -80 640 -80 528 0
w 32 640 -64 640 0
150 -80 640 -80 736 0 3 0 5
w 32 560 32 640 0
w 432 496 432 640 0
w 416 496 432 496 0
w 304 496 304 640 0
w 288 496 304 496 0
w 176 496 176 640 0
w 160 496 176 496 0
w 48 496 48 640 0
w 32 496 48 496 0
w 320 608 320 528 0
w 192 608 320 608 0
w 192 608 192 528 0
w 64 608 192 608 0
w 64 608 64 528 0
w -64 608 64 608 0
w -64 528 -64 608 0
155 192 496 224 496 0 0
155 320 496 352 496 0 0
155 64 496 96 496 0 0
155 -64 496 -32 496 0 0
w -96 640 -96 496 0
w -96 496 -64 496 0
207 -64 496 -64 448 4 A3
207 64 496 64 448 4 A2
207 192 496 192 448 4 A1
207 320 496 320 448 4 A0
207 48 640 48 768 4 O2
207 -80 736 -80 768 4 O3
207 176 640 176 768 4 O1
207 304 640 304 768 4 O0
207 432 640 432 768 4 OVERFLOW
R -80 528 -128 528 1 2 500 2.5 2.5 0 0.5
x 57 418 243 421 4 24 Subcircuit\sDesign
. F\s\q\sA\s/\s2 0 3 5 9 A0 11 3 2 A1 9 2 2 A2 13 1 2 A3 3 0 2 O0 6 3 3 O1 7 2 3 O2 8 1 3 O3 4 0 3 OVERFLOW 5 4 3 AndGateElm\s3\s1\s2\s4\rDFlipFlopElm\s9\s6\s10\s1\rDFlipFlopElm\s11\s5\s12\s1\rDFlipFlopElm\s13\s7\s14\s1\rDFlipFlopElm\s3\s8\s2\s1\rClockElm\s1 0\\s3\\s0\\s5\s0\\s0\s0\\s0\s0\\s0\s0\\s0\s1\\s2\\s500\\s2.5\\s2.5\\s0\\s0.5
410 624 512 672 544 1 F\s\q\sA\s/\s2 0\s3\s0\s5 0\s0 0\s0 0\s0 0\s0 1\s2\s500\s2.5\s2.5\s0\s0.5
M 752 544 768 544 2 2.5
M 752 512 768 512 2 2.5
M 752 576 768 576 2 2.5
M 752 608 768 608 2 2.5
M 752 640 768 640 2 2.5
L 624 512 608 512 2 0 false 5 0
L 624 544 608 544 2 0 false 5 0
L 624 576 608 576 2 0 false 5 0
L 624 608 608 608 2 0 false 5 0
