$ 1 0.000005 10.20027730826997 50 5 50 5e-11
154 96 160 208 160 0 2 0 5
154 240 224 352 224 0 2 0 5
w 240 160 240 208 0
w 240 240 32 240 0
w 96 176 64 176 0
w 96 144 64 144 0
w 64 176 32 176 0
w 64 144 32 144 0
150 240 320 336 320 0 2 0 5
150 240 416 336 416 0 2 0 5
152 336 368 432 368 0 2 0 5
w 208 160 240 160 0
w 336 320 336 352 0
w 336 416 336 384 0
w 64 144 64 432 0
w 64 432 240 432 0
w 96 176 96 400 0
w 96 400 240 400 0
w 208 160 208 336 0
w 208 336 240 336 0
w 240 240 240 304 0
207 32 144 0 144 4 A
207 32 176 0 176 4 B
207 32 240 0 240 4 C-In
207 352 224 384 224 4 SUM
207 432 368 464 368 4 C-Out
. Full-Adder 0 3 3 5 A 2 0 0 B 1 2 0 C-In 4 1 2 C-Out 8 1 3 SUM 5 1 1 XorGateElm\s1\s2\s3\rXorGateElm\s4\s3\s5\rAndGateElm\s3\s4\s6\rAndGateElm\s2\s1\s7\rOrGateElm\s7\s6\s8 0\\s2\\s0\\s5\s0\\s2\\s0\\s5\s0\\s2\\s0\\s5\s0\\s2\\s0\\s5\s0\\s2\\s0\\s5
410 528 240 608 288 1 Full-Adder 0\s2\s0\s5 0\s2\s0\s5 0\s2\s0\s5 0\s2\s0\s5 0\s2\s0\s5
x 586 279 599 282 4 24 1
x 714 279 727 282 4 24 2
410 656 240 736 288 1 Full-Adder 0\s2\s0\s5 0\s2\s0\s5 0\s2\s0\s5 0\s2\s0\s5 0\s2\s0\s5
x 842 279 855 282 4 24 4
410 784 240 864 288 1 Full-Adder 0\s2\s0\s5 0\s2\s0\s5 0\s2\s0\s5 0\s2\s0\s5 0\s2\s0\s5
x 970 279 983 282 4 24 8
410 912 240 992 288 1 Full-Adder 0\s2\s0\s5 0\s2\s0\s5 0\s2\s0\s5 0\s2\s0\s5 0\s2\s0\s5
L 528 272 512 272 2 0 false 5 0
L 944 208 944 192 2 0 false 5 0
L 560 208 560 192 2 0 false 5 0
L 624 208 624 192 2 0 false 5 0
L 688 208 688 192 2 0 false 5 0
L 752 208 752 192 2 0 false 5 0
L 816 208 816 192 2 0 false 5 0
L 880 208 880 192 2 0 false 5 0
L 1008 208 1008 192 2 0 false 5 0
M 1040 272 1056 272 2 2.5
M 976 336 976 352 2 2.5
M 848 336 848 352 2 2.5
M 720 336 720 352 2 2.5
M 592 336 592 352 2 2.5
x 67 88 253 91 4 24 Subcircuit\sDesign
