$ 1 0.000005 10.20027730826997 50 5 50 5e-11
154 48 176 160 176 0 2 0 5
154 224 96 352 96 0 2 0 5
w 160 176 160 112 0
w 160 176 160 240 0
I 192 240 256 240 0 0.5 5
150 256 256 352 256 0 2 0 5
w 160 112 224 112 0
w 224 80 192 80 0
w 160 240 192 240 0
w 192 80 192 272 0
w 192 272 256 272 0
w 192 80 -16 80 0
152 352 336 448 336 0 2 0 5
w 352 256 352 320 0
150 80 352 176 352 0 2 0 5
w 16 160 -16 160 0
w 48 192 -16 192 0
w 16 160 16 336 0
I 16 336 80 336 0 0.5 5
w 176 352 352 352 0
w 48 160 16 160 0
w -16 192 -48 192 0
w -16 160 -48 160 0
w -16 80 -48 80 0
w -16 192 -16 368 0
w -16 368 80 368 0
207 -48 160 -80 160 4 A
207 -48 80 -80 80 4 B
207 -48 192 -80 192 4 B-In
207 352 96 384 96 4 S
207 448 336 480 336 4 B-Out
x 53 32 239 35 4 24 Subcircuit\sDesign
. Full-Subtractor\s(\sA\s-\sB\s) 0 3 3 5 A 2 0 0 B 4 2 0 B-In 1 1 2 B-Out 9 1 3 S 5 1 1 XorGateElm\s1\s2\s3\rXorGateElm\s3\s4\s5\rInverterElm\s3\s6\rAndGateElm\s4\s6\s7\rOrGateElm\s8\s7\s9\rAndGateElm\s1\s10\s8\rInverterElm\s2\s10 0\\s2\\s0\\s5\s0\\s2\\s0\\s5\s0\\s0.5\\s5\s0\\s2\\s0\\s5\s0\\s2\\s0\\s5\s0\\s2\\s0\\s5\s0\\s0.5\\s5
410 544 160 608 208 1 Full-Subtractor\s(\sA\s-\sB\s) 0\s2\s0\s5 0\s2\s0\s5 0\s0.5\s5 0\s2\s0\s5 0\s2\s0\s5 0\s2\s0\s5 0\s0.5\s5
x 601 198 614 201 4 24 1
x 729 198 742 201 4 24 2
410 672 160 736 208 1 Full-Subtractor\s(\sA\s-\sB\s) 0\s2\s0\s5 0\s2\s0\s5 0\s0.5\s5 0\s2\s0\s5 0\s2\s0\s5 0\s2\s0\s5 0\s0.5\s5
x 857 198 870 201 4 24 4
410 800 160 864 208 1 Full-Subtractor\s(\sA\s-\sB\s) 0\s2\s0\s5 0\s2\s0\s5 0\s0.5\s5 0\s2\s0\s5 0\s2\s0\s5 0\s2\s0\s5 0\s0.5\s5
x 985 198 998 201 4 24 8
410 928 160 992 208 1 Full-Subtractor\s(\sA\s-\sB\s) 0\s2\s0\s5 0\s2\s0\s5 0\s0.5\s5 0\s2\s0\s5 0\s2\s0\s5 0\s2\s0\s5 0\s0.5\s5
L 576 128 576 112 2 0 false 5 0
L 640 128 640 112 2 0 false 5 0
L 768 128 768 112 2 0 false 5 0
L 704 128 704 112 2 0 false 5 0
L 960 128 960 112 2 0 false 5 0
L 1024 128 1024 112 2 0 false 5 0
L 896 128 896 112 2 0 false 5 0
L 832 128 832 112 2 0 false 5 0
M 1056 192 1072 192 2 2.5
L 544 192 528 192 2 0 false 5 0
M 608 256 608 272 2 2.5
M 736 256 736 272 2 2.5
M 864 256 864 272 2 2.5
M 992 256 992 272 2 2.5
